Output For berlin52.tsp Dataset.



##############################################################################

Nearest Neighbor Greedy Simple Tour: 
Best Case: 
   Start Node: 41
   Tour : 41 6 1 20 29 16 22 30 19 17 49 21 2 0 28 48 31 15 43 34 33 35 44 38 18 36 45 39 40 37 47 23 4 7 14 5 24 3 42 9 8 46 25 27 11 26 50 12 32 13 10 51 
   Cost: 17168
Worst Case: 
   Start Node: 4
   Tour : 4 14 23 5 47 37 39 36 3 38 24 33 35 45 34 43 48 42 31 0 15 44 21 11 49 18 19 17 30 22 7 27 40 50 2 28 9 25 20 8 26 32 29 46 16 10 12 41 6 13 1 51 
   Cost: 29700
Average Cost: 23561


##############################################################################

Savings Heuristic Greedy Simple Tour: 
Best Case: 
   Start Node: 4
   Tour : 4 5 14 37 36 39 38 35 34 33 43 15 28 49 19 22 29 20 41 6 1 16 2 17 30 21 0 31 48 44 18 40 7 8 9 32 42 3 11 50 10 51 13 12 26 25 46 27 24 45 47 23 
   Cost: 8138
Worst Case: 
   Start Node: 30
   Tour : 30 17 2 16 41 1 6 29 19 49 28 15 45 36 39 37 47 23 4 14 5 3 24 46 25 27 26 12 51 13 10 50 11 32 42 9 8 7 40 18 44 31 48 35 38 33 34 43 0 21 22 20 
   Cost: 8550
Average Cost: 8283.4


##############################################################################

Nearest Neighbor Greedy Randomized Tour: 
Best Case: 
   Start Node: 4
   Tour : 4 23 37 36 39 3 24 33 5 47 34 45 48 43 42 38 0 14 21 35 49 44 18 19 30 17 31 7 15 50 2 27 11 25 9 22 20 26 40 28 32 8 10 46 29 41 1 16 6 13 51 12 
   Cost: 22920
Worst Case: 
   Start Node: 4
   Tour : 4 47 5 39 3 37 23 36 35 24 38 33 14 45 31 0 34 42 15 21 49 43 44 11 19 30 7 18 17 27 50 40 48 28 2 8 26 32 22 25 46 10 29 12 9 6 20 13 16 41 1 51 
   Cost: 26513
Average Cost: 26573.2


##############################################################################

Savings Heuristic Greedy Randomized Tour: 
Best Case: 
   Start Node: 4
   Tour : 4 5 14 37 36 39 38 35 34 33 43 15 28 49 19 22 29 20 41 1 6 16 2 17 30 21 0 31 48 44 18 40 7 8 9 32 42 3 11 50 10 51 13 46 12 26 25 27 24 45 47 23 
   Cost: 8234
Worst Case: 
   Start Node: 4
   Tour : 4 5 14 37 36 39 38 44 18 31 21 0 48 34 35 33 43 15 28 49 19 22 29 41 6 1 16 20 30 17 2 40 7 8 9 32 42 3 11 50 10 51 12 13 46 25 26 27 24 45 47 23 
   Cost: 8406
Average Cost: 8483.5


##############################################################################

2-Opt First for NNH Greedy Random. : 
Best Case: 
   Start Node: 4
   Tour : 4 14 5 3 24 11 27 26 25 46 12 13 51 10 50 32 42 9 8 7 40 18 44 31 21 0 48 35 34 33 43 49 19 22 20 30 17 2 16 6 1 41 29 28 15 45 36 38 39 37 47 23 
   Cost: 7800
Worst Case: 
   Start Node: 4
   Tour : 4 14 5 24 3 42 31 48 0 21 30 17 2 44 18 40 7 8 9 32 50 11 10 51 13 12 26 27 25 46 28 29 1 6 41 16 20 22 19 49 15 45 43 33 34 35 38 39 36 37 47 23 
   Cost: 8319
Average Cost: 8031.25


##############################################################################

2-Opt First for SH Greedy Random. : 
Best Case: 
   Start Node: 4
   Tour : 4 5 14 42 3 24 11 27 26 25 46 12 13 51 10 50 32 9 8 7 40 18 44 31 48 0 21 30 17 2 16 20 41 6 1 29 22 19 49 28 15 43 33 34 35 38 39 36 45 47 23 37 
   Cost: 7881
Worst Case: 
   Start Node: 4
   Tour : 4 23 47 45 24 27 25 46 26 12 13 51 10 50 11 3 42 32 9 8 7 40 18 44 31 48 0 21 30 17 2 16 20 41 6 1 29 28 22 19 49 15 43 33 34 35 38 39 36 37 14 5 
   Cost: 8068
Average Cost: 7963.75


##############################################################################

2-Opt Best for NNH Greedy Random. : 
Best Case: 
   Start Node: 4
   Tour : 4 14 5 3 24 11 27 26 25 46 12 13 51 10 50 32 42 9 8 7 40 18 44 2 17 31 48 0 21 30 20 16 41 6 1 29 22 19 49 28 15 43 33 34 35 38 39 37 36 45 47 23 
   Cost: 7800
Worst Case: 
   Start Node: 4
   Tour : 4 14 5 3 42 32 9 8 7 40 18 44 31 48 35 38 39 37 36 34 33 43 15 0 21 30 20 17 2 16 6 1 41 29 22 19 49 28 46 25 27 26 12 13 51 10 50 11 24 45 47 23 
   Cost: 8191
Average Cost: 7921.25


##############################################################################

2-Opt First for SH Greedy Random. : 
Best Case: 
   Start Node: 4
   Tour : 4 23 47 45 24 27 26 25 46 12 13 51 10 50 11 3 42 32 9 8 7 40 18 44 31 48 0 21 30 17 2 16 20 41 6 1 29 22 19 49 28 15 43 33 34 35 38 39 36 37 14 5 
   Cost: 7878
Worst Case: 
   Start Node: 4
   Tour : 4 5 14 42 3 24 11 27 26 25 46 12 13 51 10 50 32 9 8 7 40 18 44 31 48 0 21 30 17 2 16 20 41 6 1 29 22 19 49 28 15 43 33 34 35 38 39 36 45 47 23 37 
   Cost: 7881
Average Cost: 7878.75


##############################################################################

