Output For pr76.tsp Dataset.



##############################################################################

Nearest Neighbor Greedy Simple Tour: 
Best Case: 
   Start Node: 15
   Tour : 15 14 16 10 11 12 17 13 36 35 9 8 37 34 4 5 38 18 19 7 6 30 31 33 73 29 32 3 2 28 39 40 27 25 59 26 42 58 41 53 20 1 24 57 60 52 54 21 61 0 51 23 56 55 22 48 43 50 62 47 44 45 49 63 65 74 75 46 64 68 66 67 71 72 70 69 
   Cost: 376155
Worst Case: 
   Start Node: 33
   Tour : 33 34 39 38 32 37 31 40 35 59 36 58 27 28 17 42 41 53 57 29 30 16 52 18 60 54 26 25 51 10 56 61 55 19 15 9 50 4 48 62 11 14 8 49 63 3 5 65 12 43 64 2 47 24 13 20 6 7 44 23 46 45 21 66 70 68 71 67 72 22 1 0 73 69 74 75 
   Cost: 485072
Average Cost: 421590


##############################################################################

Savings Heuristic Greedy Simple Tour: 
Best Case: 
   Start Node: 64
   Tour : 64 65 66 69 67 68 46 47 43 44 45 23 24 20 21 22 0 75 74 1 6 7 5 2 3 4 9 8 11 12 13 73 14 15 10 16 17 36 35 37 38 34 33 39 40 59 58 60 61 57 32 31 28 30 18 19 29 25 26 27 42 41 53 52 51 48 49 50 55 54 56 62 63 72 71 70 
   Cost: 112137
Worst Case: 
   Start Node: 69
   Tour : 69 66 67 68 46 47 43 44 45 23 22 0 75 74 1 21 20 24 26 25 27 32 31 28 29 30 18 19 4 3 2 5 7 6 8 9 10 11 12 13 73 14 15 16 17 36 35 37 38 34 33 39 40 59 58 60 61 62 63 56 57 54 55 51 52 53 41 42 48 49 50 65 64 72 71 70 
   Cost: 115838
Average Cost: 114039


##############################################################################

Nearest Neighbor Greedy Randomized Tour: 
Best Case: 
   Start Node: 64
   Tour : 64 49 55 65 50 56 63 48 52 54 70 66 62 51 67 41 61 42 57 60 47 59 53 71 40 68 43 27 72 32 26 69 46 58 25 31 28 33 39 37 34 29 30 44 36 35 18 45 19 17 38 16 4 20 23 21 3 24 8 9 11 10 14 5 22 2 6 15 7 1 0 75 13 12 73 74 
   Cost: 352564
Worst Case: 
   Start Node: 64
   Tour : 64 55 65 49 48 56 63 50 54 51 62 57 53 66 41 52 61 70 60 42 47 67 72 40 43 68 59 39 46 58 26 32 33 44 71 27 31 34 28 69 38 25 45 30 37 35 36 24 17 20 23 16 18 4 3 21 29 8 9 5 15 22 10 11 14 2 0 6 7 73 12 13 75 19 1 74 
   Cost: 377588
Average Cost: 379201


##############################################################################

Savings Heuristic Greedy Randomized Tour: 
Best Case: 
   Start Node: 64
   Tour : 64 65 50 55 54 53 41 42 52 51 48 49 66 69 67 68 46 47 43 44 45 23 24 20 21 22 0 74 75 1 7 6 5 8 11 12 13 73 14 15 10 9 4 2 3 19 18 30 29 28 25 26 27 32 31 33 34 35 36 17 16 37 38 39 40 59 58 60 61 57 56 62 63 72 71 70 
   Cost: 110928
Worst Case: 
   Start Node: 64
   Tour : 64 65 50 55 54 51 52 53 41 42 27 25 26 48 49 66 69 67 68 46 47 43 44 45 23 24 20 21 22 75 0 74 1 7 6 5 8 11 12 73 13 14 15 10 9 4 2 3 19 18 30 29 28 31 32 33 34 35 36 17 16 37 38 39 40 59 58 60 61 57 56 62 63 72 71 70 
   Cost: 118503
Average Cost: 117199


##############################################################################

2-Opt First for NNH Greedy Random. : 
Best Case: 
   Start Node: 64
   Tour : 64 65 66 69 67 68 46 47 43 44 45 23 24 20 21 22 0 75 74 1 7 6 5 2 3 4 9 8 11 12 13 73 14 15 10 16 17 36 35 37 38 34 33 39 40 59 58 60 61 57 32 31 28 30 18 19 29 25 26 27 42 41 53 52 51 48 49 50 55 54 56 62 63 72 71 70 
   Cost: 111907
Worst Case: 
   Start Node: 64
   Tour : 64 65 49 48 66 69 67 68 46 47 43 26 25 44 45 23 24 20 21 22 0 75 74 1 2 3 29 30 18 19 4 5 6 7 8 9 11 12 13 73 14 15 10 16 17 36 35 37 38 40 39 33 34 32 31 28 27 42 41 53 52 51 50 55 54 57 58 59 60 61 56 62 63 72 71 70 
   Cost: 114191
Average Cost: 113049


##############################################################################

2-Opt First for SH Greedy Random. : 
Best Case: 
   Start Node: 64
   Tour : 64 65 50 55 54 53 41 42 52 51 48 49 66 69 67 68 46 47 43 44 45 23 24 20 21 22 0 75 74 1 7 6 5 8 11 12 13 73 14 15 10 9 4 2 3 19 18 30 29 28 25 26 27 32 31 33 34 16 17 36 35 37 38 39 40 59 58 60 61 57 56 62 63 72 71 70 
   Cost: 110848
Worst Case: 
   Start Node: 64
   Tour : 64 65 66 69 67 68 46 45 44 43 47 48 49 50 55 54 51 52 53 41 42 26 25 27 32 31 28 29 30 18 19 4 3 20 24 23 21 22 0 75 74 1 2 5 6 7 8 9 10 11 12 13 73 14 15 16 17 36 35 37 38 34 33 39 40 59 58 60 61 57 56 62 63 72 71 70 
   Cost: 112301
Average Cost: 111814


##############################################################################

2-Opt Best for NNH Greedy Random. : 
Best Case: 
   Start Node: 64
   Tour : 64 65 50 48 49 66 69 67 68 46 47 43 44 45 23 24 20 21 22 0 75 74 1 2 3 4 5 6 7 8 9 10 11 12 13 73 14 15 16 17 36 35 34 37 38 59 40 39 33 31 32 27 28 29 30 18 19 25 26 42 41 53 52 51 54 55 56 57 58 60 61 62 63 72 71 70 
   Cost: 109164
Worst Case: 
   Start Node: 64
   Tour : 64 65 66 69 67 68 46 47 43 44 45 23 24 20 21 22 0 75 74 1 7 6 5 2 3 4 9 8 11 12 13 73 14 15 10 16 17 36 35 37 38 34 33 39 40 59 58 60 61 57 32 31 28 30 18 19 29 25 26 27 42 41 53 52 51 48 49 50 55 54 56 62 63 72 71 70 
   Cost: 111907
Average Cost: 110530


##############################################################################

2-Opt First for SH Greedy Random. : 
Best Case: 
   Start Node: 64
   Tour : 64 65 50 55 54 53 41 42 52 51 48 49 66 69 67 68 46 47 43 44 45 23 24 20 21 22 0 75 74 1 7 6 5 8 11 12 13 73 14 15 10 9 4 2 3 19 18 30 29 28 25 26 27 32 31 33 34 16 17 36 35 37 38 39 40 59 58 60 61 57 56 62 63 72 71 70 
   Cost: 110848
Worst Case: 
   Start Node: 64
   Tour : 64 65 66 69 67 68 46 45 44 43 47 48 49 50 55 54 51 52 53 41 42 26 25 27 32 31 28 29 30 18 19 4 3 20 24 23 21 22 0 75 74 1 2 5 6 7 8 9 10 11 12 13 73 14 15 16 17 36 35 37 38 34 33 39 40 59 58 60 61 57 56 62 63 72 71 70 
   Cost: 112301
Average Cost: 111814


##############################################################################

