Output For st70.tsp Dataset.



##############################################################################

Nearest Neighbor Greedy Simple Tour: 
Best Case: 
   Start Node: 22
   Tour : 22 0 46 15 37 35 12 28 30 68 21 69 58 36 57 62 65 52 34 4 49 9 56 51 14 23 50 5 3 59 17 64 1 40 41 55 11 6 32 63 16 18 20 42 33 31 66 10 2 47 53 67 43 7 25 8 61 27 13 48 60 39 29 54 19 26 38 44 45 24 
   Cost: 2398
Worst Case: 
   Start Node: 41
   Tour : 41 17 5 40 3 31 2 1 6 42 43 67 16 7 27 52 13 18 25 65 29 4 23 19 56 8 20 33 11 9 62 48 51 14 21 59 26 58 54 49 37 39 32 60 57 45 46 36 22 68 50 15 30 44 53 38 12 61 34 28 0 55 69 66 35 24 64 47 10 63 
   Cost: 3128
Average Cost: 2869


##############################################################################

Savings Heuristic Greedy Simple Tour: 
Best Case: 
   Start Node: 47
   Tour : 47 10 55 63 64 50 49 57 36 46 15 0 35 22 65 21 37 12 28 69 34 68 30 58 62 56 14 23 18 6 1 3 17 41 2 31 7 25 54 48 27 13 19 29 43 67 26 45 44 24 38 60 39 8 16 42 40 5 52 4 9 51 59 11 20 33 32 61 53 66 
   Cost: 703
Worst Case: 
   Start Node: 53
   Tour : 53 47 66 10 63 64 50 55 59 51 9 4 52 49 57 36 15 46 65 21 37 22 0 35 12 28 69 34 68 30 58 62 56 14 23 1 6 18 25 54 48 7 27 13 19 29 2 31 3 17 41 5 40 43 67 26 45 24 44 39 60 38 8 42 16 20 33 11 32 61 
   Cost: 743
Average Cost: 717.6


##############################################################################

Nearest Neighbor Greedy Randomized Tour: 
Best Case: 
   Start Node: 47
   Tour : 47 10 32 53 50 66 55 59 33 51 64 20 49 61 4 9 63 16 57 36 60 8 11 39 38 44 46 40 24 26 15 52 42 41 5 45 17 22 43 35 0 3 21 65 62 37 28 31 2 58 67 12 6 68 1 56 13 30 23 69 29 19 18 27 48 14 25 7 54 34 
   Cost: 2656
Worst Case: 
   Start Node: 47
   Tour : 47 55 53 64 32 61 11 33 59 51 20 66 10 4 9 57 36 60 38 8 50 52 16 63 42 44 49 40 39 46 26 15 67 5 0 45 17 24 41 3 35 22 65 62 2 12 28 58 30 31 68 21 6 37 69 1 29 43 7 56 13 14 23 25 48 34 54 19 27 18 
   Cost: 2705
Average Cost: 2742


##############################################################################

Savings Heuristic Greedy Randomized Tour: 
Best Case: 
   Start Node: 47
   Tour : 47 10 55 63 64 50 49 57 36 46 15 0 35 22 65 21 37 12 28 69 34 68 30 58 62 56 14 23 18 6 1 3 17 2 31 7 25 54 48 27 13 19 29 43 67 26 45 44 24 38 60 39 8 16 42 40 41 5 52 4 9 51 59 11 20 33 32 61 53 66 
   Cost: 711
Worst Case: 
   Start Node: 47
   Tour : 47 10 55 63 64 50 59 51 49 9 4 52 57 36 46 15 0 35 22 65 21 37 28 12 30 69 34 68 58 62 14 56 23 1 18 6 7 25 54 48 27 13 19 29 2 31 3 17 41 5 40 42 67 43 26 45 44 24 38 60 39 8 16 20 33 11 32 61 53 66 
   Cost: 761
Average Cost: 756.3


##############################################################################

2-Opt First for NNH Greedy Random. : 
Best Case: 
   Start Node: 47
   Tour : 47 53 61 32 33 20 11 59 51 9 4 52 5 40 42 16 8 39 60 38 24 44 45 26 67 43 29 19 13 27 48 54 25 7 2 31 41 17 3 1 6 18 23 14 56 62 65 21 58 68 30 34 69 28 12 37 22 35 0 15 46 36 57 49 50 55 64 63 10 66 
   Cost: 681
Worst Case: 
   Start Node: 47
   Tour : 47 66 10 55 32 11 59 51 9 4 52 65 62 21 37 22 46 36 57 49 50 64 63 15 0 35 28 12 69 30 68 34 58 56 14 23 5 40 41 17 3 1 6 18 54 48 25 7 27 31 2 13 19 29 43 67 42 16 8 39 26 45 44 24 38 60 20 33 61 53 
   Cost: 759
Average Cost: 712.5


##############################################################################

2-Opt First for SH Greedy Random. : 
Best Case: 
   Start Node: 47
   Tour : 47 53 61 32 33 20 11 59 51 9 4 52 5 40 42 16 8 39 60 38 24 44 45 26 67 43 29 19 13 27 48 54 25 7 2 31 41 17 3 1 6 18 23 14 56 62 65 21 58 68 30 34 69 28 12 37 22 35 0 15 46 36 57 49 50 55 64 63 10 66 
   Cost: 681
Worst Case: 
   Start Node: 47
   Tour : 47 53 61 32 11 33 20 16 42 8 39 60 38 24 44 45 26 67 43 40 5 41 17 3 31 2 29 19 13 27 7 48 54 25 18 6 1 23 14 56 62 65 21 58 34 68 30 69 28 12 37 22 35 0 15 46 36 57 49 52 4 9 51 59 50 64 63 10 55 66 
   Cost: 705
Average Cost: 691


##############################################################################

2-Opt Best for NNH Greedy Random. : 
Best Case: 
   Start Node: 47
   Tour : 47 53 61 32 33 20 11 59 51 9 4 52 5 40 42 16 8 39 60 38 24 44 45 26 67 43 29 19 13 27 48 54 25 7 2 31 41 17 3 1 6 18 23 14 56 62 65 21 58 34 68 30 69 28 12 37 22 35 0 15 46 36 57 49 50 55 64 63 10 66 
   Cost: 679
Worst Case: 
   Start Node: 47
   Tour : 47 53 61 32 11 33 20 16 42 43 67 8 39 60 38 24 44 45 26 29 19 13 27 7 25 48 54 18 6 31 2 41 40 5 4 52 17 3 1 23 14 56 62 65 21 58 37 22 30 68 34 69 12 28 35 0 15 46 36 57 49 9 51 59 50 64 63 10 55 66 
   Cost: 729
Average Cost: 706.25


##############################################################################

2-Opt First for SH Greedy Random. : 
Best Case: 
   Start Node: 47
   Tour : 47 53 61 32 33 20 11 59 51 9 4 52 5 40 42 16 8 39 60 38 24 44 45 26 67 43 29 19 13 27 48 54 25 7 2 31 41 17 3 1 6 18 23 14 56 62 65 21 58 34 68 30 69 28 12 37 22 35 0 15 46 36 57 49 50 55 64 63 10 66 
   Cost: 679
Worst Case: 
   Start Node: 47
   Tour : 47 53 61 32 11 33 20 16 42 8 39 60 38 24 44 45 26 67 43 40 5 41 17 3 31 2 29 19 13 27 7 48 54 25 18 6 1 23 14 56 62 65 21 58 34 68 30 69 28 12 37 22 35 0 15 46 36 57 49 52 4 9 51 59 50 64 63 10 55 66 
   Cost: 705
Average Cost: 690


##############################################################################

